002320
date	   open	    max	    min	    close    amount	   totalprice	    upratio     vibratio
2009-12-16	16.93	18.78	16.93	17.06	2.06643e+007	1.02406e+009	0	0	0	0	
2009-12-17	16.27	16.34	15.27	15.42	8.57714e+006	3.78871e+008	0	0	0	0	
2009-12-18	15.08	15.38	14.46	15.31	5.71891e+006	2.41955e+008	0	0	0	0	
2009-12-21	15.1	15.63	15	15.29	3.72407e+006	1.62606e+008	0	0	0	0	
2009-12-22	15.2	15.27	13.96	13.97	4.67267e+006	1.93161e+008	0	0	0	0	
2009-12-23	13.99	14.34	13.78	14.19	3.16141e+006	1.276e+008	0	0	0	0	
2009-12-24	14.06	14.53	13.61	14.4	4.97063e+006	2.01947e+008	0	0	0	0	
2009-12-25	14.23	14.45	14.09	14.23	3.03141e+006	1.23519e+008	0	0	0	0	
2009-12-28	14.27	15.73	14.23	15.73	6.40645e+006	2.76416e+008	0	0	0	0	
2009-12-29	16.19	17.18	15.86	16.66	9.58116e+006	4.47974e+008	0	0	0	0	
2009-12-30	16.64	17.23	16.39	16.97	5.92992e+006	2.83129e+008	0	0	0	0	
2009-12-31	16.93	18.75	16.74	18.11	7.15787e+006	3.62699e+008	0	0	0	0	
2010-01-04	18.15	19.15	18.15	18.81	6.47167e+006	3.43094e+008	0	0	0	0	
2010-01-05	19.15	19.36	18.15	18.6	5.60469e+006	2.94772e+008	0	0	0	0	
2010-01-06	18.71	19.33	18.49	18.71	4.44173e+006	2.35803e+008	0	0	0	0	
2010-01-07	18.58	20.66	18.58	20.08	8.74678e+006	4.91614e+008	0	0	0	0	
2010-01-08	19.89	20.77	19.73	20.6	4.70229e+006	2.68214e+008	0	0	0	0	
2010-01-11	20.11	21.42	19.74	21.22	4.24414e+006	2.45301e+008	0	0	0	0	
2010-01-12	20.99	21.37	20.3	20.67	3.44916e+006	2.00535e+008	0	0	0	0	
2010-01-13	20.1	20.74	19.73	19.74	4.71844e+006	2.67062e+008	0	0	0	0	
2010-01-14	19.64	20.18	19.64	19.82	3.40827e+006	1.90559e+008	0	0	0	0	
2010-01-15	19.8	20	19.03	19.86	3.57026e+006	1.95364e+008	0	0	0	0	
2010-01-18	19.73	20.59	19.67	20.52	3.93777e+006	2.22888e+008	0	0	0	0	
2010-01-19	20.54	20.54	19.45	19.71	2.95719e+006	1.65647e+008	0	0	0	0	
2010-01-20	19.52	19.74	18.3	18.42	2.91249e+006	1.55619e+008	0	0	0	0	
2010-01-21	18.74	19.11	18.23	18.89	2.09006e+006	1.11136e+008	0	0	0	0	
2010-01-22	18.53	18.75	17.35	18.01	2.77339e+006	1.40807e+008	0	0	0	0	
2010-01-25	17.67	18.11	17.5	17.56	1.14588e+006	5.7558e+007	0	0	0	0	
2010-01-26	17.61	18.03	17.58	17.82	1.26475e+006	6.34855e+007	0	0	0	0	
2010-01-27	17.82	18.87	17.82	18.71	2.11992e+006	1.10675e+008	0	0	0	0	
2010-01-28	18.39	18.78	18.12	18.78	1.59079e+006	8.33907e+007	0	0	0	0	
2010-01-29	18.63	19.15	18.29	18.58	2.03797e+006	1.07209e+008	0	0	0	0	
2010-02-01	18.55	18.55	17.52	17.68	2.20286e+006	1.11139e+008	0	0	0	0	
2010-02-02	17.67	17.96	16.79	16.82	1.97895e+006	9.74173e+007	0	0	0	0	
2010-02-04	17.31	18.59	17.3	18.59	3.995e+006	2.04885e+008	0	0	0	0	
2010-02-05	18.24	19.32	17.05	17.31	4.24005e+006	2.18337e+008	0	0	0	0	
2010-02-08	16.93	17.84	16.75	17.2	1.64626e+006	7.99649e+007	0	0	0	0	
2010-02-09	16.83	17.04	16.42	16.53	1.27378e+006	6.04652e+007	0	0	0	0	
2010-02-10	16.74	17.11	16.56	16.93	640133	3.05207e+007	0	0	0	0	
2010-02-11	16.93	17.51	16.75	17.35	1.00851e+006	4.93892e+007	0	0	0	0	
2010-02-12	17.4	18.34	17.4	18.1	1.19691e+006	6.09201e+007	0	0	0	0	
2010-02-22	17.99	18.06	17.44	17.77	816282	4.11015e+007	0	0	0	0	
2010-02-23	17.74	17.87	17.32	17.48	683586	3.37046e+007	0	0	0	0	
2010-02-24	17.48	18.08	17.26	17.76	959260	4.81886e+007	0	0	0	0	
2010-02-25	17.99	18.52	17.78	18.4	1.4529e+006	7.47694e+007	0	0	0	0	
2010-02-26	18.41	19.26	18.41	18.71	2.28848e+006	1.22516e+008	0	0	0	0	
2010-03-01	18.78	18.89	18.3	18.78	1.88352e+006	9.89066e+007	0	0	0	0	
2010-03-02	18.78	19.03	18.53	18.85	1.0473e+006	5.56003e+007	0	0	0	0	
2010-03-03	18.96	19.58	18.64	19.08	1.50882e+006	8.14494e+007	0	0	0	0	
2010-03-04	19.45	19.45	18.29	18.34	1.19418e+006	6.31183e+007	0	0	0	0	
2010-03-05	18.34	18.58	17.81	17.88	1.21971e+006	6.2265e+007	0	0	0	0	
2010-03-08	17.75	18.04	17.65	17.97	1.42197e+006	7.16492e+007	0	0	0	0	
2010-03-09	17.97	18.19	17.67	17.78	610888	3.08094e+007	0	0	0	0	
2010-03-10	17.89	18.26	17.67	17.84	867874	4.41706e+007	0	0	0	0	
2010-03-11	17.67	17.93	17.01	17.25	1.29862e+006	6.34907e+007	0	0	0	0	
2010-03-12	17.25	17.6	16.93	17.09	897803	4.39414e+007	0	0	0	0	
2010-03-15	17.3	17.78	17.3	17.36	1.67306e+006	8.28894e+007	0	0	0	0	
2010-03-16	17.12	17.3	16.72	17.12	3.97258e+006	1.91332e+008	0	0	0	0	
2010-03-17	17.13	17.75	16.93	17.68	2.90558e+006	1.43344e+008	0	0	0	0	
2010-03-18	17.73	18.41	17.61	18.23	3.13048e+006	1.60184e+008	0	0	0	0	
2010-03-19	18.14	20.13	18.14	20.06	5.34361e+006	2.92302e+008	0	0	0	0	
2010-03-22	20.48	21.66	20.38	20.89	4.05893e+006	2.39103e+008	0	0	0	0	
2010-03-23	20.87	21.33	20.56	20.93	2.26189e+006	1.32679e+008	0	0	0	0	
2010-03-24	20.89	22.3	20.78	21.59	3.1233e+006	1.89573e+008	0	0	0	0	
2010-03-25	21.57	21.96	21.09	21.74	1.97399e+006	1.19475e+008	0	0	0	0	
2010-03-26	21.47	21.55	20.64	20.69	2.34309e+006	1.38016e+008	0	0	0	0	
2010-03-29	20.63	20.98	20.14	20.56	2.36268e+006	1.36824e+008	0	0	0	0	
2010-03-30	20.56	21.74	20.45	21.69	3.11581e+006	1.8489e+008	0	0	0	0	
2010-03-31	21.7	23.18	21.49	22.61	2.45104e+006	1.53361e+008	0	0	0	0	
2010-04-01	22.49	23.26	22.31	22.43	2.17298e+006	1.3806e+008	0	0	0	0	
2010-04-02	22.47	22.47	21.85	22.41	1.64428e+006	1.01638e+008	0	0	0	0	
2010-04-06	22.2	23.54	22.2	22.98	1.77614e+006	1.14747e+008	0	0	0	0	
2010-04-07	22.99	23.26	22.42	23.08	1.43372e+006	9.1363e+007	0	0	0	0	
2010-04-08	23.03	23.35	22.73	22.92	1.14501e+006	7.40072e+007	0	0	0	0	
2010-04-09	22.85	23.17	22.48	23	1.46274e+006	9.34192e+007	0	0	0	0	
2010-04-12	23	23.36	22.6	23.11	1.23298e+006	7.97575e+007	0	0	0	0	
2010-04-13	23.07	23.22	21.19	21.32	2.45226e+006	1.50527e+008	0	0	0	0	
2010-04-14	20.84	21.84	20.84	21.63	1.10428e+006	6.68845e+007	0	0	0	0	
2010-04-16	21.56	22.96	20.63	22.7	2.06737e+006	1.2715e+008	0	0	0	0	
2010-04-19	22.78	23.04	22.07	22.07	1.1963e+006	7.56572e+007	0	0	0	0	
2010-04-20	22.07	22.48	21.4	21.83	1.45091e+006	8.92966e+007	0	0	0	0	
2010-04-21	21.79	24.09	21.79	23.82	2.90099e+006	1.91036e+008	0	0	0	0	
2010-04-22	23.81	24.22	23.22	23.66	1.49333e+006	9.92795e+007	0	0	0	0	
2010-04-23	23.63	23.63	22.56	23.15	1.55456e+006	1.00358e+008	0	0	0	0	
2010-04-26	23.04	23.59	22.81	22.85	940061	6.10121e+007	0	0	0	0	
2010-04-27	22.92	22.98	21.45	22.07	1.38082e+006	8.53656e+007	0	0	0	0	
2010-04-28	22.07	22.43	21.49	21.74	1.01618e+006	6.26792e+007	0	0	0	0	
2010-04-29	22.04	22.07	20.89	20.91	1.27226e+006	7.66282e+007	0	0	0	0	
2010-04-30	21	21.37	20.26	20.39	950067	5.57021e+007	0	0	0	0	
2010-05-04	20.21	21.15	20	21.03	890495	5.20101e+007	0	0	0	0	
2010-05-05	20.98	21.93	20.74	21.82	1.10072e+006	6.57219e+007	0	0	0	0	
2010-05-06	21.92	22.02	20.84	20.96	1.19602e+006	7.15801e+007	0	0	0	0	
2010-05-07	20.63	21.14	19.15	19.15	1.71641e+006	9.75255e+007	0	0	0	0	
2010-05-10	19.49	19.64	17.15	18.04	2.98335e+006	1.52124e+008	0	0	0	0	
2010-05-11	18.47	18.6	17.53	17.97	1.14186e+006	5.78431e+007	0	0	0	0	
2010-05-12	17.87	18.13	16.71	17	1.49686e+006	5.61019e+007	0	0	0	0	
2010-05-14	17.91	18.76	17.27	18.76	3.72615e+006	1.47452e+008	0	0	0	0	
2010-05-17	18.86	19.24	17.67	18.15	2.30013e+006	9.14194e+007	0	0	0	0	
2010-05-18	18.15	18.34	17.19	18	1.68678e+006	6.41778e+007	0	0	0	0	
2010-05-19	17.91	18.83	17.53	18.31	944331	3.69527e+007	0	0	0	0	
2010-05-20	18.71	19.55	18.43	19.02	2.54931e+006	1.04575e+008	0	0	0	0	
2010-05-21	18.25	19.93	17.96	19.84	2.58526e+006	1.06888e+008	0	0	0	0	
2010-05-24	20.05	21.47	20.05	20.6	2.29001e+006	1.01618e+008	0	0	0	0	
2010-05-25	20.46	21.13	20.08	20.6	1.75274e+006	7.7046e+007	0	0	0	0	
2010-05-26	20.6	21.16	20.32	21.01	1.32165e+006	5.87948e+007	0	0	0	0	
2010-05-27	20.97	21.95	20.68	21.81	1.71869e+006	7.84478e+007	0	0	0	0	
2010-05-28	21.85	22.09	21.4	21.65	1.38177e+006	6.41076e+007	0	0	0	0	
2010-05-31	21.52	21.76	20.32	20.39	1.97331e+006	8.8415e+007	0	0	0	0	
2010-06-01	20.39	20.84	19.7	20.55	1.90418e+006	8.30822e+007	0	0	0	0	
2010-06-02	20.46	20.46	19.52	20	1.34063e+006	5.71339e+007	0	0	0	0	
2010-06-03	20.2	20.37	19.45	19.45	1.59647e+006	6.8013e+007	0	0	0	0	
2010-06-04	19.4	19.84	18.92	19.69	932897	3.88176e+007	0	0	0	0	
2010-06-07	19.22	19.58	18.83	19.17	1.32205e+006	5.43463e+007	0	0	0	0	
2010-06-08	19.21	19.74	18.88	19.74	1.47112e+006	6.08441e+007	0	0	0	0	
2010-06-09	19.84	20.67	19.84	20.51	2.20377e+006	9.57296e+007	0	0	0	0	
2010-06-10	20.5	20.82	20.3	20.6	1.1204e+006	4.92514e+007	0	0	0	0	
2010-06-11	20.65	20.8	20.17	20.62	1.11951e+006	4.90227e+007	0	0	0	0	
2010-06-17	20.8	20.91	18.54	18.88	2.89563e+006	1.20121e+008	0	0	0	0	
2010-06-18	18.88	19.12	17.34	17.65	2.68867e+006	1.03151e+008	0	0	0	0	
2010-06-21	18.25	19.12	17.99	18.72	2.54028e+006	1.01487e+008	0	0	0	0	
2010-06-22	18.82	19.59	18.21	19.07	2.68534e+006	1.1101e+008	0	0	0	0	
2010-06-23	18.64	19.01	18.2	18.93	1.64092e+006	6.54515e+007	0	0	0	0	
2010-06-24	18.65	19.26	18.54	19.14	1.14682e+006	4.68077e+007	0	0	0	0	
2010-06-25	18.68	19.19	18.25	18.49	709766	2.8253e+007	0	0	0	0	
2010-06-28	18.49	18.63	17.78	18.1	785930	3.05542e+007	0	0	0	0	
2010-06-29	18.25	18.25	17.04	17.14	1.18109e+006	4.4282e+007	0	0	0	0	
2010-06-30	17.26	17.43	16.98	17.12	987827	3.6627e+007	0	0	0	0	
2010-07-01	17.11	17.38	15.9	16.22	1.27485e+006	4.54054e+007	0	0	0	0	
2010-07-02	16.22	16.38	14.64	15.46	2.87962e+006	9.43558e+007	0	0	0	0	
2010-07-05	15.22	15.22	14.38	14.69	1.81331e+006	5.75393e+007	0	0	0	0	
2010-07-06	14.7	15.17	14.5	15	1.79028e+006	5.75794e+007	0	0	0	0	
2010-07-07	14.93	15.92	14.79	15.56	1.87793e+006	6.23355e+007	0	0	0	0	
2010-07-08	15.56	15.56	14.85	15.06	1.4696e+006	4.80744e+007	0	0	0	0	
2010-07-09	15	15.97	14.91	15.79	2.24546e+006	7.58519e+007	0	0	0	0	
2010-07-12	15.85	16.47	15.85	16.45	1.90985e+006	6.66965e+007	0	0	0	0	
2010-07-13	16.54	16.54	15.55	15.7	1.57933e+006	5.38223e+007	0	0	0	0	
2010-07-14	15.94	16.17	15.65	15.7	901068	3.0888e+007	0	0	0	0	
2010-07-15	15.51	15.91	14.98	15.02	943382	3.14502e+007	0	0	0	0	
2010-07-16	14.92	15.22	14.74	15.21	894100	2.89101e+007	0	0	0	0	
2010-07-19	14.79	15.54	14.79	15.37	1.04422e+006	3.44007e+007	0	0	0	0	
2010-07-20	15.34	16	15.34	15.99	1.46175e+006	5.00149e+007	0	0	0	0	
2010-07-21	15.99	16.42	15.83	16.01	1.40994e+006	4.91021e+007	0	0	0	0	
2010-07-22	15.99	16.47	15.77	16.43	1.59092e+006	5.58167e+007	0	0	0	0	
2010-07-23	16.47	16.62	16.1	16.27	1.18728e+006	4.17131e+007	0	0	0	0	
2010-07-26	16.27	16.46	15.94	16.44	1.52878e+006	5.33333e+007	0	0	0	0	
2010-07-27	16.32	16.37	16.01	16.18	1.33091e+006	4.64232e+007	0	0	0	0	
2010-07-28	16.21	16.8	16.13	16.6	2.23457e+006	7.93479e+007	0	0	0	0	
2010-07-29	16.6	16.85	16.41	16.77	2.15973e+006	7.75116e+007	0	0	0	0	
2010-07-30	17.05	18.49	17.04	17.67	3.75847e+006	1.44318e+008	0	0	0	0	
2010-08-02	17.58	17.91	17.53	17.79	2.08217e+006	7.92276e+007	0	0	0	0	
2010-08-03	17.87	18.3	17.41	17.41	2.23956e+006	8.61518e+007	0	0	0	0	
2010-08-04	17.57	17.66	16.9	17.4	2.42622e+006	8.99676e+007	0	0	0	0	
2010-08-05	17.36	17.65	17.05	17.28	1.47343e+006	5.52245e+007	0	0	0	0	
2010-08-06	17.25	18.23	17.14	18.15	2.29093e+006	8.68315e+007	0	0	0	0	
2010-08-09	18.15	18.88	17.96	18.85	2.90443e+006	1.15303e+008	0	0	0	0	
2010-08-10	18.68	18.92	18.06	18.06	2.45868e+006	9.72068e+007	0	0	0	0	
2010-08-11	18.05	18.58	18.01	18.21	1.20909e+006	4.74029e+007	0	0	0	0	
2010-08-12	18.16	18.2	17.67	17.67	1.55171e+006	5.97356e+007	0	0	0	0	
2010-08-13	17.57	17.91	17.41	17.9	987364	3.74388e+007	0	0	0	0	
2010-08-16	17.91	18.57	17.75	18.39	1.76092e+006	6.92817e+007	0	0	0	0	
2010-08-17	18.43	18.63	18.07	18.19	1.64321e+006	6.44764e+007	0	0	0	0	
2010-08-18	18.29	18.62	17.75	18	2.46686e+006	9.57486e+007	0	0	0	0	
2010-08-19	17.68	18.13	17.67	17.93	1.50495e+006	5.78727e+007	0	0	0	0	
2010-08-20	17.88	17.9	17.02	17.17	2.24193e+006	8.37047e+007	0	0	0	0	
2010-08-23	17.14	17.34	17.05	17.08	977187	3.61221e+007	0	0	0	0	
2010-08-24	17.08	17.34	16.93	17.21	1.12885e+006	4.17617e+007	0	0	0	0	
2010-08-25	17.14	17.17	16.71	16.77	1.15997e+006	4.24151e+007	0	0	0	0	
2010-08-26	16.87	17	16.55	16.87	784963	2.8364e+007	0	0	0	0	
2010-08-27	16.9	17.25	16.77	17.19	752988	2.76406e+007	0	0	0	0	
2010-08-30	17.67	18.39	17.66	18.22	3.14223e+006	1.22655e+008	0	0	0	0	
2010-08-31	18.11	18.61	17.92	18.48	2.85944e+006	1.12568e+008	0	0	0	0	
2010-09-01	18.57	18.63	17.58	17.7	2.38553e+006	9.229e+007	0	0	0	0	
2010-09-02	17.95	18.3	17.76	17.99	1.29654e+006	5.01988e+007	0	0	0	0	
2010-09-03	17.99	18.49	17.99	18.45	2.70614e+006	1.06178e+008	0	0	0	0	
2010-09-06	18.71	18.78	18.29	18.55	2.49533e+006	9.948e+007	0	0	0	0	
2010-09-07	18.58	20.32	18.58	20.03	4.78792e+006	2.00743e+008	0	0	0	0	
2010-09-08	19.86	21.27	19.61	21.04	4.88798e+006	2.1465e+008	0	0	0	0	
2010-09-09	21.01	21.28	20.17	20.55	3.28723e+006	1.4611e+008	0	0	0	0	
2010-09-10	20.56	20.83	20.32	20.57	1.59236e+006	7.01145e+007	0	0	0	0	
2010-09-13	20.75	21.33	20.69	20.75	2.97938e+006	1.33978e+008	0	0	0	0	
2010-09-14	20.8	21.04	19.99	20.25	2.77752e+006	1.20811e+008	0	0	0	0	
2010-09-15	20.13	20.63	19.6	20.04	2.34366e+006	1.00474e+008	0	0	0	0	
2010-09-16	20.02	20.02	19.12	19.32	1.57346e+006	6.55811e+007	0	0	0	0	
2010-09-17	19.45	20.29	19.07	19.71	1.66722e+006	7.06012e+007	0	0	0	0	
2010-09-20	20.03	20.04	19.45	19.61	1.05898e+006	4.48693e+007	0	0	0	0	
2010-09-21	19.74	19.98	19.5	19.83	647089	2.74047e+007	0	0	0	0	
2010-09-27	20.03	20.75	19.83	20.56	1.77393e+006	7.76768e+007	0	0	0	0	
2010-09-28	20.57	20.57	20.11	20.13	1.03992e+006	4.51495e+007	0	0	0	0	
2010-09-29	20.13	20.52	19.5	19.58	1.7757e+006	7.54872e+007	0	0	0	0	
2010-09-30	19.36	19.74	19.12	19.56	744522	3.10503e+007	0	0	0	0	
2010-10-08	19.79	19.83	19.36	19.72	1.56157e+006	6.54523e+007	0	0	0	0	
2010-10-11	19.74	19.95	19.12	19.15	2.0187e+006	8.38665e+007	0	0	0	0	
2010-10-12	19.14	19.3	18.15	18.3	2.92369e+006	1.17314e+008	0	0	0	0	
2010-10-13	18.4	18.88	18.15	18.88	1.78763e+006	7.14933e+007	0	0	0	0	
2010-10-14	18.88	18.88	18.36	18.78	2.08644e+006	8.34622e+007	0	0	0	0	
2010-10-15	18.78	18.83	17.38	17.76	3.27811e+006	1.26914e+008	0	0	0	0	
2010-10-18	17.67	17.85	16.39	17.46	3.75149e+006	1.3625e+008	0	0	0	0	
2010-10-19	17.29	18.13	17.29	17.85	1.64092e+006	6.26433e+007	0	0	0	0	
2010-10-20	17.62	18.13	17.05	17.62	1.96267e+006	7.40002e+007	0	0	0	0	
2010-10-21	17.65	18.07	17.55	18.06	1.72408e+006	6.62588e+007	0	0	0	0	
2010-10-22	18.15	18.3	17.86	18.11	1.27617e+006	4.93879e+007	0	0	0	0	
2010-10-25	18.39	19.17	18.16	19.09	2.42453e+006	9.84189e+007	0	0	0	0	
2010-10-26	19.12	20.03	19.12	19.88	2.89587e+006	1.21778e+008	0	0	0	0	
2010-10-27	20.02	20.55	19.6	19.75	2.35903e+006	1.01354e+008	0	0	0	0	
2010-10-28	19.75	20.05	19.31	19.45	1.19887e+006	5.02945e+007	0	0	0	0	
2010-10-29	19.4	19.89	19.4	19.84	1.20381e+006	5.06225e+007	0	0	0	0	
2010-11-01	20.08	20.37	19.9	20.03	1.5528e+006	6.67502e+007	0	0	0	0	
2010-11-02	20.11	20.69	19.93	20.34	2.14921e+006	9.41916e+007	0	0	0	0	
2010-11-03	20.27	20.68	19.88	19.88	1.61969e+006	6.9935e+007	0	0	0	0	
2010-11-04	19.74	20.93	19.51	20.9	3.00498e+006	1.30882e+008	0	0	0	0	
2010-11-05	20.88	22.1	20.63	21.48	4.93339e+006	2.27987e+008	0	0	0	0	
2010-11-08	21.48	22.95	21.46	22.55	3.14355e+006	1.50011e+008	0	0	0	0	
2010-11-09	22.58	24.87	22.58	24.75	5.94803e+006	3.05297e+008	0	0	0	0	
2010-11-10	24.4	25.09	23.25	23.31	3.99068e+006	2.03583e+008	0	0	0	0	
2010-11-11	23.27	23.49	22.72	22.73	2.37183e+006	1.1699e+008	0	0	0	0	
2010-11-12	22.66	23.53	21.04	21.66	2.9071e+006	1.36845e+008	0	0	0	0	
2010-11-15	21.33	22.14	20.56	22.09	1.62518e+006	7.42484e+007	0	0	0	0	
2010-11-16	21.99	21.99	20.22	20.61	2.35118e+006	1.05449e+008	0	0	0	0	
2010-11-17	20.53	21.34	20	20.2	2.07804e+006	9.19431e+007	0	0	0	0	
2010-11-18	20.22	20.98	19.96	20.84	2.84559e+006	1.25126e+008	0	0	0	0	
2010-11-19	20.94	20.94	20.24	20.77	1.74004e+006	7.70267e+007	0	0	0	0	
2010-11-22	20.55	21.52	20.45	21.51	2.12165e+006	9.5547e+007	0	0	0	0	
2010-11-23	21.42	21.52	20.5	21.03	1.47392e+006	6.57928e+007	0	0	0	0	
2010-11-24	20.75	21.76	20.63	21.75	1.09811e+006	5.02724e+007	0	0	0	0	
2010-11-25	21.77	22.95	21.55	22.05	1.88881e+006	8.97247e+007	0	0	0	0	
2010-11-26	22.22	22.43	21.74	22.07	1.58666e+006	7.45026e+007	0	0	0	0	
2010-11-29	22.09	22.09	21.04	21.38	1.31707e+006	6.0333e+007	0	0	0	0	
2010-11-30	21.33	21.51	19.98	20.39	1.24228e+006	5.49421e+007	0	0	0	0	
2010-12-01	20.29	20.64	20.11	20.17	628287	2.74469e+007	0	0	0	0	
2010-12-02	20.41	21.11	20.41	21.04	1.73026e+006	7.65747e+007	0	0	0	0	
2010-12-03	21.04	21.09	20.37	20.71	666666	2.95243e+007	0	0	0	0	
2010-12-06	20.56	20.8	20.09	20.35	555144	2.4206e+007	0	0	0	0	
2010-12-07	20.26	20.5	19.72	20.41	1.04186e+006	4.47298e+007	0	0	0	0	
2010-12-08	20.55	20.85	20.13	20.75	1.26128e+006	5.56976e+007	0	0	0	0	
2010-12-09	20.67	20.67	20.17	20.28	886472	3.84944e+007	0	0	0	0	
2010-12-10	20.18	20.54	20.08	20.42	430791	1.88339e+007	0	0	0	0	
2010-12-13	20.61	21.37	20.61	21.29	1.81124e+006	8.17091e+007	0	0	0	0	
2010-12-14	21.14	22	21.11	21.86	1.61898e+006	7.48341e+007	0	0	0	0	
2010-12-15	21.93	22.14	21.57	21.7	1.72695e+006	8.03212e+007	0	0	0	0	
2010-12-16	21.58	21.92	21.18	21.29	1.43773e+006	6.6252e+007	0	0	0	0	
2010-12-17	21.29	21.64	21.17	21.5	719058	3.3049e+007	0	0	0	0	
2010-12-20	21.61	21.66	20.08	20.89	1.12316e+006	5.03803e+007	0	0	0	0	
2010-12-21	20.94	21.18	20.85	20.97	951738	4.27635e+007	0	0	0	0	
2010-12-22	20.94	21.16	20.61	20.8	820295	3.66819e+007	0	0	0	0	
2010-12-23	20.8	20.8	20.02	20.05	1.18086e+006	5.13459e+007	0	0	0	0	
2010-12-24	20.23	20.42	19.25	19.26	964149	4.06885e+007	0	0	0	0	
2010-12-27	19.73	19.74	18.39	18.54	1.80684e+006	7.41401e+007	0	0	0	0	
2010-12-28	18.54	18.63	17.71	17.76	1.3208e+006	5.07773e+007	0	0	0	0	
2010-12-29	17.76	17.96	17.19	17.58	1.67583e+006	6.30899e+007	0	0	0	0	
2010-12-30	17.58	17.79	17.44	17.66	1.44361e+006	5.46986e+007	0	0	0	0	
2010-12-31	17.7	18.39	17.63	18.25	1.75781e+006	6.7854e+007	0	0	0	0	
2011-01-04	18.37	18.37	17.84	18.08	2.32132e+006	8.97876e+007	0	0	0	0	
2011-01-05	18.06	18.06	17.62	17.91	1.94072e+006	7.42253e+007	0	0	0	0	
2011-01-06	17.82	17.98	17.67	17.95	1.08671e+006	4.16188e+007	0	0	0	0	
2011-01-07	17.96	18.38	17.77	18.29	1.88234e+006	7.34186e+007	0	0	0	0	
2011-01-10	18.35	18.87	18.16	18.39	2.14191e+006	8.52934e+007	0	0	0	0	
2011-01-11	18.4	18.6	17.86	18.17	1.05319e+006	4.13476e+007	0	0	0	0	
2011-01-12	18.39	18.39	17.19	17.64	1.19632e+006	4.55814e+007	0	0	0	0	
2011-01-13	17.67	17.71	17.2	17.47	965242	3.61525e+007	0	0	0	0	
2011-01-14	17.25	17.37	16.8	16.81	954194	3.4943e+007	0	0	0	0	
2011-01-17	16.71	16.71	16.02	16.13	873541	3.06104e+007	0	0	0	0	
2011-01-18	16	16.37	15.99	16.19	476601	1.6681e+007	0	0	0	0	
2011-01-19	16.17	16.56	16.06	16.5	648037	2.28836e+007	0	0	0	0	
2011-01-20	16.58	16.59	15.94	16	566145	1.97336e+007	0	0	0	0	
2011-01-21	16.18	16.36	15.98	16.13	501270	1.74246e+007	0	0	0	0	
2011-01-24	16.14	16.42	16.14	16.19	507544	1.77884e+007	0	0	0	0	
2011-01-25	16.2	16.21	15.51	15.73	432008	1.46545e+007	0	0	0	0	
2011-01-26	16.04	16.04	15.75	15.98	389447	1.33525e+007	0	0	0	0	
2011-01-27	15.81	16.47	15.75	16.47	633806	2.21132e+007	0	0	0	0	
2011-01-28	16.48	16.48	16.2	16.42	566647	1.99789e+007	0	0	0	0	
2011-01-31	16.47	16.47	16.28	16.28	993122	3.49504e+007	0	0	0	0	
2011-02-01	16.29	16.42	15.91	16.17	660324	2.29886e+007	0	0	0	0	
2011-02-09	16.09	16.27	15.89	16.04	360621	1.25245e+007	0	0	0	0	
2011-02-10	15.97	16.58	15.76	16.46	675746	2.37574e+007	0	0	0	0	
2011-02-11	16.48	17.72	16.4	17.62	1.84556e+006	6.85949e+007	0	0	0	0	
2011-02-14	17.62	17.86	17.36	17.51	1.45182e+006	5.47552e+007	0	0	0	0	
2011-02-15	17.48	17.84	17.43	17.43	1.20327e+006	4.55581e+007	0	0	0	0	
2011-02-16	17.38	17.98	17.24	17.9	1.79488e+006	6.83375e+007	0	0	0	0	
2011-02-17	17.9	18	17.54	17.7	1.1607e+006	4.42202e+007	0	0	0	0	
2011-02-18	17.7	17.87	17.51	17.7	956239	3.63517e+007	0	0	0	0	
2011-02-21	17.44	18.68	17.34	18.49	2.78909e+006	1.098e+008	0	0	0	0	
2011-02-22	18.4	18.81	17.93	18.14	1.54356e+006	6.05389e+007	0	0	0	0	
2011-02-23	18.15	18.15	17.72	17.82	1.08617e+006	4.1797e+007	0	0	0	0	
2011-02-24	17.82	18.09	17.53	17.67	952269	3.63962e+007	0	0	0	0	
2011-02-25	17.86	17.91	17.37	17.89	828130	3.14634e+007	0	0	0	0	
2011-02-28	17.91	18.06	17.71	17.96	697064	2.67655e+007	0	0	0	0	
2011-03-01	17.96	18.01	17.78	17.87	944940	3.62746e+007	0	0	0	0	
2011-03-02	17.85	17.85	17.34	17.48	1.29566e+006	4.87049e+007	0	0	0	0	
2011-03-03	17.48	17.65	17.05	17.24	784931	2.9317e+007	0	0	0	0	
2011-03-04	17.19	17.38	17.08	17.3	535911	1.98738e+007	0	0	0	0	
2011-03-07	17.33	17.67	17.33	17.51	746310	2.80895e+007	0	0	0	0	
2011-03-08	17.62	17.66	17.39	17.48	995127	3.74393e+007	0	0	0	0	
2011-03-09	17.48	17.57	17.38	17.49	783963	2.94457e+007	0	0	0	0	
2011-03-10	17.5	18.25	17.38	18.01	1.98813e+006	7.63299e+007	0	0	0	0	
2011-03-11	17.82	18.63	17.82	18.36	2.88537e+006	1.13808e+008	0	0	0	0	
2011-03-14	18.31	18.52	18.01	18.31	1.28139e+006	5.02297e+007	0	0	0	0	
2011-03-15	18.37	18.4	17.22	17.91	1.13679e+006	4.35516e+007	0	0	0	0	
2011-03-16	17.75	18.12	17.68	17.88	721612	2.77657e+007	0	0	0	0	
2011-03-17	17.77	17.77	17.44	17.46	646416	2.44138e+007	0	0	0	0	
2011-03-18	17.47	18.07	17.47	17.6	727961	2.78389e+007	0	0	0	0	
2011-03-21	17.58	18.63	17.48	18	914995	3.55664e+007	0	0	0	0	
2011-03-22	18.25	18.58	18	18.18	1.38926e+006	5.43862e+007	0	0	0	0	
2011-03-23	18.18	18.25	17.85	18.04	859038	3.3189e+007	0	0	0	0	
2011-03-24	18.05	18.13	17.19	17.28	2.89654e+006	1.09083e+008	0	0	0	0	
2011-03-25	17.3	17.75	17.19	17.3	2.27744e+006	8.53856e+007	0	0	0	0	
2011-03-28	17.31	17.38	16.04	16.23	5.11515e+006	1.81271e+008	0	0	0	0	
2011-03-29	16.18	16.23	15.84	15.89	1.6558e+006	5.71561e+007	0	0	0	0	
2011-03-30	15.89	16.09	14.82	15.13	3.03597e+006	1.01273e+008	0	0	0	0	
2011-03-31	15.11	15.37	15.03	15.29	1.12732e+006	3.7136e+007	0	0	0	0	
2011-04-01	15.39	15.46	15.18	15.41	762783	2.5285e+007	0	0	0	0	
2011-04-06	15.41	15.43	14.96	15.02	1.22987e+006	4.01406e+007	0	0	0	0	
2011-04-07	15.1	15.17	14.94	15.17	871764	2.83529e+007	0	0	0	0	
2011-04-08	15.17	15.47	15.06	15.42	1.03481e+006	3.42661e+007	0	0	0	0	
2011-04-11	15.48	15.49	15.31	15.37	922712	3.06745e+007	0	0	0	0	
2011-04-12	15.51	15.58	15.1	15.22	1.83725e+006	6.06268e+007	0	0	0	0	
2011-04-13	15.11	15.5	15.1	15.41	1.83691e+006	6.07297e+007	0	0	0	0	
2011-04-14	15.4	15.4	15.12	15.15	1.63901e+006	5.39268e+007	0	0	0	0	
2011-04-15	15.15	15.24	14.87	14.97	1.61497e+006	5.23748e+007	0	0	0	0	
2011-04-18	14.98	15.12	14.87	14.89	1.14688e+006	3.70794e+007	0	0	0	0	
2011-04-19	14.84	14.93	14.64	14.71	1.17324e+006	3.73971e+007	0	0	0	0	
2011-04-20	14.73	15.1	14.73	15.04	1.10027e+006	3.55439e+007	0	0	0	0	
2011-04-21	15.2	15.2	14.94	14.98	1.06006e+006	3.44271e+007	0	0	0	0	
2011-04-22	15	15.08	14.78	15.03	1.1881e+006	3.84406e+007	0	0	0	0	
2011-04-25	15.03	15.08	14.75	14.81	838170	2.6966e+007	0	0	0	0	
2011-04-26	14.84	14.92	14.55	14.55	852406	2.70743e+007	0	0	0	0	
2011-04-27	14.69	15.01	14.68	14.81	1.21444e+006	3.90473e+007	0	0	0	0	
2011-04-28	14.84	15.01	14.6	14.66	834965	2.67878e+007	0	0	0	0	
2011-04-29	14.6	14.6	13.35	13.66	2.10391e+006	6.24733e+007	0	0	0	0	
2011-05-03	13.66	13.73	13.41	13.58	824803	2.42494e+007	0	0	0	0	
2011-05-04	13.58	13.58	13.11	13.14	1.00445e+006	2.91277e+007	0	0	0	0	
2011-05-05	13.18	13.34	13.17	13.26	516577	1.48767e+007	0	0	0	0	
2011-05-06	13.28	13.28	13.01	13.14	701415	2.006e+007	0	0	0	0	
2011-05-09	13.13	13.44	13.06	13.34	567750	1.64511e+007	0	0	0	0	
2011-05-10	13.35	13.44	13.25	13.42	539358	1.5652e+007	0	0	0	0	
2011-05-11	13.46	13.49	13.32	13.4	481878	1.4036e+007	0	0	0	0	
2011-05-12	13.37	13.37	13.14	13.15	602592	1.73265e+007	0	0	0	0	
2011-05-13	13.16	13.46	13.16	13.44	449330	1.29814e+007	0	0	0	0	
2011-05-16	13.44	13.44	13.35	13.35	387207	1.12532e+007	0	0	0	0	
2011-05-17	13.34	13.39	13.11	13.26	425473	1.22528e+007	0	0	0	0	
2011-05-19	13.37	13.47	13.25	13.27	302844	8.77305e+006	0	0	0	0	
2011-05-20	13.24	13.35	13.13	13.17	336231	9.66462e+006	0	0	0	0	
2011-05-23	13.17	13.25	12.51	12.52	639235	1.78731e+007	0	0	0	0	
2011-05-24	12.43	12.59	12.02	12.34	654003	1.73972e+007	0	0	0	0	
2011-05-25	12.32	12.39	12.06	12.06	447986	1.18861e+007	0	0	0	0	
2011-05-26	12.07	12.21	12.02	12.02	391168	1.0323e+007	0	0	0	0	
2011-05-27	12.01	12.35	12.01	12.25	787843	2.09266e+007	0	0	0	0	
2011-05-30	12.25	12.33	12.14	12.17	458710	1.22289e+007	0	0	0	0	
2011-05-31	12.24	12.31	12.05	12.3	478296	1.27212e+007	0	0	0	0	
2011-06-01	12.31	12.35	12.19	12.3	421673	1.1299e+007	0	0	0	0	
2011-06-02	12.29	12.29	12.01	12.14	667923	1.76517e+007	0	0	0	0	
2011-06-03	12.18	12.55	12.15	12.48	729009	1.97698e+007	0	0	0	0	
2011-06-07	12.57	12.68	12.38	12.63	594738	1.63266e+007	0	0	0	0	
2011-06-08	12.52	13	12.52	12.93	958704	2.69012e+007	0	0	0	0	
2011-06-09	13.15	13.54	13.15	13.3	1.5446e+006	4.47257e+007	0	0	0	0	
2011-06-10	13.02	13.02	12.4	12.81	1.20226e+006	2.03312e+007	0	0	0	0	
2011-06-13	12.62	12.62	12.08	12.31	1.01477e+006	1.66007e+007	0	0	0	0	
2011-06-14	12.25	12.45	12.1	12.33	885161	1.45411e+007	0	0	0	0	
2011-06-15	12.32	12.43	12.08	12.15	736032	1.1988e+007	0	0	0	0	
2011-06-16	11.78	12	11.77	11.79	755992	1.19612e+007	0	0	0	0	
2011-06-17	11.91	11.91	11.23	11.23	1.1815e+006	1.80803e+007	0	0	0	0	
2011-06-20	11.31	11.35	10.76	10.83	1.00755e+006	1.4731e+007	0	0	0	0	
2011-06-21	10.91	10.95	10.65	10.95	772071	1.11584e+007	0	0	0	0	
2011-06-22	10.95	10.96	10.62	10.75	655013	9.45916e+006	0	0	0	0	
2011-06-23	10.6	11.19	10.58	11.1	1.11799e+006	1.64348e+007	0	0	0	0	
2011-06-27	11.73	12.24	11.46	12.24	2.7681e+006	4.46747e+007	0	0	0	0	
2011-06-28	12.69	12.75	12.06	12.15	5.01509e+006	8.2678e+007	0	0	0	0	
2011-06-29	12.06	12.27	11.83	11.83	2.06899e+006	3.30677e+007	0	0	0	0	
2011-06-30	11.83	12.15	11.83	12	1.45577e+006	2.33287e+007	0	0	0	0	
2011-07-01	11.96	12.09	11.86	11.92	1.10472e+006	1.76211e+007	0	0	0	0	
2011-07-04	11.98	12.14	11.88	12.12	1.5133e+006	2.43182e+007	0	0	0	0	
2011-07-05	12.12	12.27	12.04	12.25	1.74056e+006	2.82497e+007	0	0	0	0	
2011-07-06	12.2	12.27	12.07	12.27	1.26338e+006	2.04605e+007	0	0	0	0	
2011-07-07	12.12	12.49	12.12	12.3	1.94578e+006	3.1899e+007	0	0	0	0	
2011-07-08	12.32	12.92	12.32	12.68	4.04138e+006	6.83328e+007	0	0	0	0	
2011-07-11	12.55	12.78	12.31	12.72	2.30805e+006	3.86002e+007	0	0	0	0	
2011-07-12	12.5	12.54	12.24	12.24	1.94289e+006	3.19986e+007	0	0	0	0	
2011-07-13	12.22	12.47	12.1	12.39	1.775e+006	2.90773e+007	0	0	0	0	
2011-07-14	12.52	12.53	12.31	12.47	1.80035e+006	2.97123e+007	0	0	0	0	
2011-07-15	12.54	12.79	12.42	12.73	2.66086e+006	4.49068e+007	0	0	0	0	
2011-07-18	13.02	13.22	12.64	12.72	2.52419e+006	4.33753e+007	0	0	0	0	
2011-07-19	12.56	12.92	12.38	12.88	2.20281e+006	3.72725e+007	0	0	0	0	
2011-07-20	12.85	13.22	12.84	13.22	3.03243e+006	5.26712e+007	0	0	0	0	
2011-07-21	13.23	13.43	12.85	12.89	2.8759e+006	5.02629e+007	0	0	0	0	
2011-07-22	13	13.08	12.71	12.74	1.46194e+006	2.50825e+007	0	0	0	0	
2011-07-25	12.61	12.61	11.85	11.86	2.2086e+006	3.57574e+007	0	0	0	0	
2011-07-26	11.86	11.92	11.58	11.74	1.02399e+006	1.59775e+007	0	0	0	0	
2011-07-27	11.75	11.97	11.62	11.88	970534	1.53552e+007	0	0	0	0	
2011-07-28	11.81	11.81	11.52	11.73	1.21382e+006	1.88107e+007	0	0	0	0	
2011-07-29	11.64	11.95	11.64	11.68	826326	1.29806e+007	0	0	0	0	
2011-08-01	11.69	11.69	11.42	11.44	1.98344e+006	3.05788e+007	0	0	0	0	
2011-08-02	11.45	11.83	11.37	11.77	2.29301e+006	3.55686e+007	0	0	0	0	
2011-08-03	11.62	12.29	11.58	12.23	2.58298e+006	4.17322e+007	0	0	0	0	
2011-08-04	12.08	12.41	12.08	12.23	1.59359e+006	2.60802e+007	0	0	0	0	
2011-08-05	11.8	11.87	11.46	11.77	1.30886e+006	2.04668e+007	0	0	0	0	
2011-08-08	11.58	11.6	10.62	10.82	1.49097e+006	2.21804e+007	0	0	0	0	
2011-08-09	10.47	10.69	10.08	10.58	2.22999e+006	3.08255e+007	0	0	0	0	
2011-08-10	10.8	11	10.62	10.62	1.84659e+006	2.67837e+007	0	0	0	0	
2011-08-11	10.46	10.82	10.31	10.77	1.52013e+006	2.15921e+007	0	0	0	0	
2011-08-12	10.85	11.38	10.82	11.01	1.92047e+006	2.84951e+007	0	0	0	0	
2011-08-15	11.05	11.3	11.04	11.28	1.13858e+006	1.70711e+007	0	0	0	0	
2011-08-16	11.29	11.61	11.28	11.37	1.76409e+006	2.69078e+007	0	0	0	0	
2011-08-17	11.32	11.44	11.13	11.3	887479	1.34132e+007	0	0	0	0	
2011-08-18	11.38	11.38	10.92	10.92	1.31779e+006	1.94485e+007	0	0	0	0	
2011-08-19	10.65	10.84	10.51	10.72	1.21966e+006	1.73603e+007	0	0	0	0	
2011-08-22	10.8	10.95	10.65	10.77	1.02523e+006	1.48277e+007	0	0	0	0	
2011-08-23	10.81	11.01	10.77	10.98	2.19992e+006	3.19799e+007	0	0	0	0	
2011-08-24	11	11.39	11	11.31	3.01576e+006	4.50949e+007	0	0	0	0	
2011-08-25	11.31	11.5	11.15	11.46	2.42829e+006	3.68232e+007	0	0	0	0	
2011-08-26	11.46	12.14	11.37	11.96	4.2089e+006	6.6289e+007	0	0	0	0	
2011-08-29	11.78	11.95	11.58	11.67	2.91215e+006	4.55927e+007	0	0	0	0	
2011-08-30	11.68	11.88	11.27	11.32	3.41455e+006	5.29528e+007	0	0	0	0	
2011-08-31	11.28	11.45	11.17	11.37	1.37189e+006	2.07192e+007	0	0	0	0	
2011-09-01	11.37	11.45	11.17	11.22	1.30919e+006	1.97126e+007	0	0	0	0	
2011-09-02	11.31	11.35	10.92	11.07	1.40631e+006	2.07905e+007	0	0	0	0	
2011-09-05	10.98	11.02	10.59	10.6	1.2972e+006	1.86054e+007	0	0	0	0	
2011-09-06	10.47	10.62	10.41	10.5	894424	1.25885e+007	0	0	0	0	
2011-09-07	10.62	10.85	10.54	10.85	1.24905e+006	1.79058e+007	0	0	0	0	
2011-09-08	10.92	10.98	10.64	10.64	812871	1.18024e+007	0	0	0	0	
2011-09-09	10.76	10.88	10.55	10.61	899384	1.28514e+007	0	0	0	0	
2011-09-13	10.52	10.52	10.32	10.47	697913	9.72153e+006	0	0	0	0	
2011-09-14	10.59	10.62	10.41	10.62	762583	1.07387e+007	0	0	0	0	
2011-09-15	10.62	10.81	10.55	10.69	825014	1.18277e+007	0	0	0	0	
2011-09-16	10.75	10.79	10.63	10.67	557055	7.97123e+006	0	0	0	0	
2011-09-19	10.65	10.66	10.33	10.36	730990	1.0187e+007	0	0	0	0	
2011-09-20	10.35	10.54	10.21	10.43	592715	8.24225e+006	0	0	0	0	
2011-09-21	10.46	10.83	10.38	10.75	1.26963e+006	1.81067e+007	0	0	0	0	
2011-09-22	10.68	10.74	10.37	10.38	1.19641e+006	1.69105e+007	0	0	0	0	
2011-09-23	10.18	10.31	10	10.3	742940	1.01281e+007	0	0	0	0	
2011-09-26	10.28	10.36	10.2	10.31	653904	8.99705e+006	0	0	0	0	
2011-09-27	10.38	10.45	10.31	10.42	490871	6.82704e+006	0	0	0	0	
2011-09-28	10.53	10.53	10.15	10.25	760249	1.04961e+007	0	0	0	0	
2011-09-29	10.2	10.25	10.03	10.08	642250	8.69412e+006	0	0	0	0	
2011-09-30	10.08	10.22	9.92	10.15	527322	7.11863e+006	0	0	0	0	
2011-10-10	10.18	10.26	10.09	10.11	641944	8.74604e+006	0	0	0	0	
2011-10-11	10.24	10.45	10.1	10.15	808639	1.11036e+007	0	0	0	0	
2011-10-12	10.11	10.54	10	10.48	1.32093e+006	1.83117e+007	0	0	0	0	
2011-10-13	10.48	10.69	10.39	10.64	1.51229e+006	2.13969e+007	0	0	0	0	
2011-10-14	10.56	10.62	10.48	10.53	984924	1.38648e+007	0	0	0	0	
2011-10-17	10.69	10.75	10.48	10.5	1.18153e+006	1.67873e+007	0	0	0	0	
2011-10-18	10.38	10.51	10.27	10.28	993224	1.37491e+007	0	0	0	0	
2011-10-19	10.26	10.38	10.21	10.25	459187	6.32399e+006	0	0	0	0	
2011-10-20	10.16	10.22	9.84	10	1.02808e+006	1.377e+007	0	0	0	0	
2011-10-21	10.13	10.13	9.77	9.93	503149	6.69448e+006	0	0	0	0	
2011-10-24	9.85	10.12	9.85	10.12	684738	9.17139e+006	0	0	0	0	
2011-10-25	10.11	10.35	10.04	10.32	903805	1.23834e+007	0	0	0	0	
2011-10-26	10.17	10.52	10.17	10.4	1.50835e+006	2.09977e+007	0	0	0	0	
2011-10-27	10.5	10.77	10.48	10.55	1.87332e+006	2.66092e+007	0	0	0	0	
2011-10-28	10.65	10.73	10.49	10.65	1.71468e+006	2.43267e+007	0	0	0	0	
2011-10-31	10.58	10.71	10.5	10.65	1.19956e+006	1.69946e+007	0	0	0	0	
2011-11-01	10.55	11.18	10.48	11.1	3.55839e+006	5.17509e+007	0	0	0	0	
2011-11-02	10.87	11.12	10.74	11.1	2.29571e+006	3.34875e+007	0	0	0	0	
2011-11-03	11.14	11.36	10.96	10.98	2.85432e+006	4.2571e+007	0	0	0	0	
2011-11-04	11.05	11.15	10.98	11.08	1.38994e+006	2.05268e+007	0	0	0	0	
2011-11-07	11.08	11.12	10.92	10.93	1.29992e+006	1.9083e+007	0	0	0	0	
2011-11-08	11.14	12.05	11.14	11.76	8.70045e+006	1.36172e+008	0	0	0	0	
2011-11-09	11.53	11.75	11.43	11.72	4.40227e+006	6.80526e+007	0	0	0	0	
2011-11-10	11.62	11.75	11.48	11.58	2.79153e+006	4.32592e+007	0	0	0	0	
2011-11-11	11.58	11.75	11.45	11.5	1.92068e+006	2.97301e+007	0	0	0	0	
2011-11-14	11.62	11.75	11.53	11.75	2.80388e+006	4.36681e+007	0	0	0	0	
2011-11-15	11.76	11.76	11.55	11.69	1.70537e+006	2.64999e+007	0	0	0	0	
2011-11-16	11.6	11.68	11.04	11.12	2.72908e+006	4.13482e+007	0	0	0	0	
2011-11-17	11.11	11.3	11.08	11.11	1.20554e+006	1.79963e+007	0	0	0	0	
2011-11-18	11.1	11.1	10.8	10.85	1.04763e+006	1.52961e+007	0	0	0	0	
2011-11-21	10.85	11.12	10.85	11.12	1.1384e+006	1.67706e+007	0	0	0	0	
2011-11-22	12.27	12.27	11.7	12.03	1.26187e+007	2.03744e+008	0	0	0	0	
2011-11-23	12.29	13.22	12.29	13	1.10282e+007	1.88544e+008	0	0	0	0	
2011-11-24	12.59	12.8	12.28	12.57	6.89872e+006	1.14755e+008	0	0	0	0	
2011-11-25	12.46	13.11	12.25	12.83	7.05256e+006	1.20202e+008	0	0	0	0	
2011-11-28	12.73	13.06	12.48	13	4.50167e+006	7.67489e+007	0	0	0	0	
2011-11-29	13.08	13.89	12.85	13.42	8.18685e+006	1.46466e+008	0	0	0	0	
2011-11-30	13.33	13.49	12.32	12.81	5.97619e+006	1.0288e+008	0	0	0	0	
2011-12-01	13.27	13.54	12.9	13.17	4.5845e+006	8.06422e+007	0	0	0	0	
2011-12-02	13.08	13.08	12.7	12.75	2.69185e+006	4.59945e+007	0	0	0	0	
2011-12-05	12.54	12.55	12.08	12.15	1.93405e+006	3.16718e+007	0	0	0	0	
2011-12-06	12	12.23	11.46	12.03	2.76405e+006	4.33672e+007	0	0	0	0	
2011-12-07	11.95	12.15	11.68	12.15	1.57672e+006	2.51066e+007	0	0	0	0	
2011-12-08	12.09	13.04	11.92	12.88	3.65692e+006	6.07861e+007	0	0	0	0	
2011-12-09	12.57	12.98	12.54	12.65	2.26854e+006	3.84782e+007	0	0	0	0	
2011-12-12	12.65	13.14	12.54	12.78	2.18516e+006	3.74551e+007	0	0	0	0	
2011-12-13	12.65	13.05	12.09	12.31	2.64017e+006	4.43044e+007	0	0	0	0	
2011-12-14	12.08	12.62	12.08	12.48	1.86068e+006	3.06656e+007	0	0	0	0	
2011-12-15	12.23	12.77	11.65	11.72	3.81256e+006	6.26506e+007	0	0	0	0	
2011-12-16	11.55	12.31	11.28	12.27	2.48107e+006	3.87868e+007	0	0	0	0	
2011-12-19	12	12.27	11.78	12.12	1.68433e+006	2.69582e+007	0	0	0	0	
2011-12-20	12.23	13.19	12.13	13.01	5.50833e+006	9.47225e+007	0	0	0	0	
2011-12-21	12.92	13.07	12.43	12.68	3.3019e+006	5.59986e+007	0	0	0	0	
2011-12-22	12.47	12.77	11.62	12.17	3.44676e+006	5.57263e+007	0	0	0	0	
2011-12-23	12.07	12.52	11.85	12.24	2.24026e+006	3.65783e+007	0	0	0	0	
2011-12-26	12.02	12.88	11.88	12.78	4.0713e+006	6.80221e+007	0	0	0	0	
2011-12-27	12.62	12.77	11.85	11.92	3.17893e+006	5.24225e+007	0	0	0	0	
2011-12-28	11.69	11.73	11.08	11.42	2.74397e+006	4.16782e+007	0	0	0	0	
2011-12-29	11.26	11.38	10.98	11.22	3.15204e+006	4.72843e+007	0	0	0	0	
2011-12-30	11.09	11.48	11.08	11.36	2.53736e+006	3.82285e+007	0	0	0	0	
2012-01-04	11.37	11.45	11.23	11.24	1.43968e+006	2.17589e+007	0	0	0	0	
2012-01-05	11.19	11.19	10.46	10.85	2.84086e+006	4.08967e+007	0	0	0	0	
2012-01-06	10.74	11.12	10.38	10.92	1.11643e+006	1.60237e+007	0	0	0	0	
2012-01-09	10.77	11.29	10.69	11.24	1.72644e+006	2.55378e+007	0	0	0	0	
2012-01-10	11.15	11.69	11.14	11.62	2.5596e+006	3.936e+007	0	0	0	0	
2012-01-11	11.58	11.72	11.3	11.41	2.16999e+006	3.32257e+007	0	0	0	0	
2012-01-12	11.38	11.69	11.27	11.69	2.38718e+006	3.65876e+007	0	0	0	0	
2012-01-13	11.75	11.75	10.88	10.88	2.1689e+006	3.26186e+007	0	0	0	0	
2012-01-16	10.63	10.66	10.23	10.3	1.85101e+006	2.58502e+007	0	0	0	0	
2012-01-17	10.23	10.92	10.23	10.92	2.46986e+006	3.48249e+007	0	0	0	0	
2012-01-18	10.81	11.06	10.53	10.54	1.18189e+006	1.69878e+007	0	0	0	0	
2012-01-19	10.56	10.75	10.48	10.55	706630	1.00071e+007	0	0	0	0	
2012-01-20	10.71	10.97	10.62	10.95	1.28836e+006	1.86423e+007	0	0	0	0	
2012-01-30	11.08	11.08	10.8	10.85	563829	8.2449e+006	0	0	0	0	
2012-01-31	10.82	10.95	10.71	10.93	465821	6.73946e+006	0	0	0	0	
2012-02-01	10.92	10.99	10.55	10.72	590957	8.55405e+006	0	0	0	0	
2012-02-02	10.77	10.97	10.66	10.92	708630	1.0278e+007	0	0	0	0	
2012-02-03	10.85	11.18	10.85	11.07	1.23082e+006	1.81455e+007	0	0	0	0	
2012-02-06	11.03	11.42	11.02	11.22	1.21517e+006	1.8246e+007	0	0	0	0	
2012-02-07	11.13	11.13	10.86	10.92	638207	9.3481e+006	0	0	0	0	
2012-02-08	10.86	11.29	10.86	11.18	775938	1.15299e+007	0	0	0	0	
2012-02-09	11.18	11.46	11.09	11.35	1.80318e+006	2.72534e+007	0	0	0	0	
2012-02-10	11.22	11.62	11.22	11.35	2.27645e+006	3.48379e+007	0	0	0	0	
2012-02-13	11.27	11.5	11.21	11.38	1.73542e+006	2.62505e+007	0	0	0	0	
2012-02-14	11.39	11.42	11.23	11.31	1.06349e+006	1.60553e+007	0	0	0	0	
2012-02-15	11.31	11.58	11.25	11.56	1.95706e+006	2.9891e+007	0	0	0	0	
2012-02-16	11.54	11.6	11.37	11.45	1.46418e+006	2.23779e+007	0	0	0	0	
2012-02-17	11.48	11.58	11.39	11.48	1.00819e+006	1.54366e+007	0	0	0	0	
2012-02-20	11.6	11.92	11.51	11.79	2.82386e+006	4.41452e+007	0	0	0	0	
2012-02-21	11.79	12.14	11.35	12.12	3.51185e+006	5.61552e+007	0	0	0	0	
2012-02-22	12.13	12.22	11.92	12.18	1.88073e+006	3.03685e+007	0	0	0	0	
2012-02-23	12.16	12.23	11.97	12.1	1.91257e+006	3.0846e+007	0	0	0	0	
2012-02-24	12.04	12.25	12.01	12.22	1.7641e+006	2.86307e+007	0	0	0	0	
2012-02-27	12.27	12.46	12.14	12.17	2.47685e+006	4.045e+007	0	0	0	0	
2012-02-28	12.08	12.12	11.78	11.97	1.83478e+006	2.92855e+007	0	0	0	0	
2012-02-29	11.97	12.37	11.78	12.26	2.91032e+006	4.69426e+007	0	0	0	0	
2012-03-01	12.22	12.49	12.19	12.3	2.58502e+006	4.26588e+007	0	0	0	0	
2012-03-02	12.3	12.44	12.2	12.42	1.63418e+006	2.68654e+007	0	0	0	0	
2012-03-05	12.42	12.47	12.04	12.08	2.08616e+006	3.39415e+007	0	0	0	0	
2012-03-06	12.08	12.08	11.72	11.91	1.5165e+006	2.40169e+007	0	0	0	0	
2012-03-07	12	12.46	12	12.16	3.47741e+006	5.69432e+007	0	0	0	0	
2012-03-08	12.24	12.76	12.08	12.76	5.09398e+006	8.48699e+007	0	0	0	0	
2012-03-09	12.9	12.97	12.68	12.72	3.3802e+006	5.76115e+007	0	0	0	0	
2012-03-12	12.71	13.13	12.68	12.92	2.84418e+006	4.87929e+007	0	0	0	0	
2012-03-13	12.85	12.99	12.66	12.92	2.1488e+006	3.66739e+007	0	0	0	0	
2012-03-14	12.92	13.08	12.15	12.33	3.90948e+006	6.62763e+007	0	0	0	0	
2012-03-15	12.17	12.46	12.04	12.21	1.52486e+006	2.48428e+007	0	0	0	0	
2012-03-16	12.21	12.51	12.18	12.39	1.24536e+006	2.05069e+007	0	0	0	0	
2012-03-19	12.38	12.65	12.18	12.65	1.94732e+006	3.22877e+007	0	0	0	0	
2012-03-20	12.62	12.62	12.28	12.4	1.18799e+006	1.96602e+007	0	0	0	0	
2012-03-21	12.46	12.54	12.05	12.33	1.4308e+006	2.32942e+007	0	0	0	0	
2012-03-22	12.33	12.33	12.08	12.19	770291	1.25027e+007	0	0	0	0	
2012-03-23	12.15	12.23	11.89	11.91	976259	1.55942e+007	0	0	0	0	
2012-03-26	11.93	11.99	11.78	11.96	712672	1.12843e+007	0	0	0	0	
2012-03-27	11.95	12.38	11.95	12.24	1.2905e+006	2.10223e+007	0	0	0	0	
2012-03-28	12.23	12.24	11.51	11.52	1.38636e+006	2.18538e+007	0	0	0	0	
2012-03-29	11.51	11.51	10.82	11.03	1.14332e+006	1.70242e+007	0	0	0	0	
2012-04-05	11.77	12.05	11.41	12	3.91098e+006	6.07334e+007	0	0	0	0	
2012-04-06	11.65	13.08	11.47	12.45	5.34078e+006	8.66348e+007	0	0	0	0	
2012-04-09	12.35	12.61	12.05	12.4	3.27429e+006	5.40088e+007	0	0	0	0	
2012-04-10	12.18	12.38	11.79	12.11	2.85015e+006	4.59416e+007	0	0	0	0	
2012-04-11	11.99	12.6	11.91	12.31	3.32242e+006	5.46127e+007	0	0	0	0	
2012-04-12	12.38	12.41	12.05	12.38	2.6104e+006	4.2613e+007	0	0	0	0	
2012-04-13	12.31	12.61	12.24	12.47	3.16142e+006	5.24278e+007	0	0	0	0	
2012-04-16	12.54	12.83	12.32	12.57	4.00235e+006	6.72555e+007	0	0	0	0	
2012-04-17	12.55	12.65	12.22	12.22	2.23569e+006	3.68509e+007	0	0	0	0	
2012-04-18	12.22	12.38	12.01	12.3	3.23619e+006	5.28271e+007	0	0	0	0	
2012-04-19	12.13	12.28	11.92	11.98	3.35374e+006	5.39578e+007	0	0	0	0	
2012-04-20	12.19	12.36	12	12.14	3.49139e+006	5.64809e+007	0	0	0	0	
2012-04-23	11.92	12.12	11.22	11.39	4.61569e+006	7.1281e+007	0	0	0	0	
2012-04-24	11.3	11.8	11.19	11.65	3.45012e+006	5.32772e+007	0	0	0	0	
2012-04-25	11.8	12.14	11.65	11.78	5.76318e+006	6.85836e+007	0	0	0	0	
2012-04-26	11.55	12.32	11.2	12.24	6.38688e+006	7.51289e+007	0	0	0	0	
2012-05-02	12.23	12.23	11.7	11.89	4.81286e+006	5.74677e+007	0	0	0	0	
2012-05-03	11.83	11.93	11.62	11.7	2.65588e+006	3.12115e+007	0	0	0	0	
2012-05-04	11.66	11.79	11.65	11.7	1.95217e+006	2.28658e+007	0	0	0	0	
2012-05-07	11.51	11.7	11.5	11.66	1.77926e+006	2.0623e+007	0	0	0	0	
2012-05-08	11.65	11.84	11.6	11.74	2.43799e+006	2.86121e+007	0	0	0	0	
2012-05-09	11.79	11.87	11.6	11.74	2.21238e+006	2.59301e+007	0	0	0	0	
2012-05-10	11.73	11.83	11.51	11.54	1.91938e+006	2.23433e+007	0	0	0	0	
2012-05-11	11.55	11.63	11.22	11.25	2.19425e+006	2.5089e+007	0	0	0	0	
2012-05-14	11.31	11.41	11.21	11.21	1.5038e+006	1.69675e+007	0	0	0	0	
2012-05-15	11.05	11.14	10.84	11.08	1.75184e+006	1.92027e+007	0	0	0	0	
2012-05-16	11.07	11.24	10.95	11.13	1.50779e+006	1.6752e+007	0	0	0	0	
2012-05-17	11.14	11.42	11.14	11.38	1.91682e+006	2.17157e+007	0	0	0	0	
2012-05-18	11.21	11.55	11.17	11.2	2.03022e+006	2.31629e+007	0	0	0	0	
2012-05-21	11.2	11.2	10.81	10.94	1.92214e+006	2.10817e+007	0	0	0	0	
2012-05-22	11	11.1	10.95	11.07	982863	1.08603e+007	0	0	0	0	
2012-05-23	11.07	11.17	10.63	10.7	2.33986e+006	2.53393e+007	0	0	0	0	
2012-05-24	10.7	10.79	10.4	10.5	2.05953e+006	2.16809e+007	0	0	0	0	
2012-05-25	10.52	10.53	10.31	10.36	1.54798e+006	1.61031e+007	0	0	0	0	
2012-05-28	10.31	10.52	10.25	10.51	1.37236e+006	1.42983e+007	0	0	0	0	
2012-05-29	10.52	10.77	10.36	10.65	2.59217e+006	2.74524e+007	0	0	0	0	
2012-05-30	10.6	10.69	10.56	10.66	1.69165e+006	1.79958e+007	0	0	0	0	
2012-05-31	10.54	10.74	10.54	10.74	1.16578e+006	1.24345e+007	0	0	0	0	
2012-06-01	10.74	10.88	10.6	10.66	1.12047e+006	1.20271e+007	0	0	0	0	
2012-06-04	10.4	10.49	10.15	10.16	1.51666e+006	1.56277e+007	0	0	0	0	
2012-06-05	10.19	10.31	10.13	10.27	795684	8.12321e+006	0	0	0	0	
2012-06-06	10.3	10.32	10.15	10.25	670621	6.85311e+006	0	0	0	0	
2012-06-07	10.3	10.37	10.11	10.12	675598	6.89712e+006	0	0	0	0	
2012-06-08	10.23	10.29	10.12	10.15	764797	7.79689e+006	0	0	0	0	
2012-06-11	10.22	10.32	10.05	10.28	861942	8.81031e+006	0	0	0	0	
2012-06-12	10.27	10.34	10.15	10.19	551290	5.62954e+006	0	0	0	0	
2012-06-13	10.22	10.34	10.18	10.34	732143	7.52819e+006	0	0	0	0	
2012-06-14	10.35	10.4	10.22	10.23	888645	9.18108e+006	0	0	0	0	
2012-06-15	10.25	10.41	10.22	10.35	781253	8.05508e+006	0	0	0	0	
2012-06-18	10.41	10.52	10.37	10.43	944379	9.85171e+006	0	0	0	0	
2012-06-19	10.48	10.48	10.3	10.35	590769	6.12386e+006	0	0	0	0	
2012-06-20	10.37	10.47	10.31	10.34	632574	6.56507e+006	0	0	0	0	
2012-06-21	10.34	10.34	10.06	10.1	914666	9.30906e+006	0	0	0	0	
2012-06-25	11.11	11.11	11.11	11.11	3.05932e+006	3.3989e+007	0	0	0	0	
2012-06-26	12.22	12.22	12.22	12.22	4.57568e+006	5.59148e+007	0	0	0	0	
2012-06-27	13.44	13.44	13.4	13.44	2.89667e+007	3.89299e+008	0	0	0	0	
2012-06-28	13.44	13.51	12.44	12.45	2.70016e+007	3.52068e+008	0	0	0	0	
2012-06-29	12.29	12.43	11.85	12.18	1.81665e+007	2.19592e+008	0	0	0	0	
2012-07-02	12.12	12.35	11.85	12.2	1.46798e+007	1.77623e+008	0	0	0	0	
2012-07-03	12.08	13.2	12.01	12.45	2.80436e+007	3.5426e+008	0	0	0	0	
2012-07-04	12.38	12.38	11.92	12.11	1.4552e+007	1.76469e+008	0	0	0	0	
2012-07-05	11.94	11.94	11.23	11.4	1.15504e+007	1.32884e+008	0	0	0	0	
2012-07-06	11.46	11.82	11.36	11.68	1.09445e+007	1.27233e+008	0	0	0	0	
2012-07-09	11.49	12.51	11.4	11.77	1.54321e+007	1.86539e+008	0	0	0	0	
2012-07-10	11.4	11.4	10.85	10.92	9.8701e+006	1.09711e+008	0	0	0	0	
2012-07-11	10.6	11.11	10.5	10.89	4.9015e+006	5.31519e+007	0	0	0	0	
2012-07-12	10.75	11.25	10.74	11.11	5.00149e+006	5.49698e+007	0	0	0	0	
2012-07-13	11.1	11.49	10.83	11.17	7.11718e+006	7.99026e+007	0	0	0	0	
2012-07-16	11.09	11.55	10.8	10.8	8.16628e+006	9.13109e+007	0	0	0	0	
2012-07-17	10.5	11.88	10.38	11.88	1.7845e+007	2.05463e+008	0	0	0	0	
2012-07-18	11.85	12.98	11.77	12.6	2.77213e+007	3.44296e+008	0	0	0	0	
2012-07-19	12.18	13.14	12.02	12.9	2.35731e+007	3.0176e+008	0	0	0	0	
2012-07-20	12.59	13.28	12.51	12.82	1.99252e+007	2.57623e+008	0	0	0	0	
2012-07-23	12.62	14.1	12.52	14.1	2.76634e+007	3.85056e+008	0	0	0	0	
2012-07-24	14.45	15.51	14.3	14.4	3.98338e+007	5.89277e+008	0	0	0	0	
2012-07-25	14.5	15.39	14.18	14.66	3.18822e+007	4.72422e+008	0	0	0	0	
2012-07-26	14.29	14.39	13.35	13.65	2.48531e+007	3.43504e+008	0	0	0	0	
2012-07-27	13.7	13.75	12.89	13.1	1.40458e+007	1.86589e+008	0	0	0	0	
2012-07-30	12.97	13.08	12.12	12.39	1.10777e+007	1.39448e+008	0	0	0	0	
2012-07-31	12.35	12.78	12.33	12.52	1.19777e+007	1.50859e+008	0	0	0	0	
2012-08-01	12.36	12.77	12.1	12.41	1.38829e+007	1.72917e+008	0	0	0	0	
2012-08-02	12.35	13.38	12.11	13.2	2.47257e+007	3.16062e+008	0	0	0	0	
2012-08-03	12.9	13.84	12.72	13.35	2.22424e+007	2.93117e+008	0	0	0	0	
2012-08-06	13.06	13.87	12.9	13.4	1.74517e+007	2.34208e+008	0	0	0	0	
2012-08-07	13.31	14.33	13.08	13.9	2.22408e+007	3.04549e+008	0	0	0	0	
2012-08-08	13.6	13.81	13.15	13.22	1.46364e+007	1.95482e+008	0	0	0	0	
2012-08-09	13.05	13.96	12.8	13.56	1.81457e+007	2.44537e+008	0	0	0	0	
2012-08-10	13.36	13.6	13.12	13.13	1.02367e+007	1.35996e+008	0	0	0	0	
2012-08-13	13	13.28	12.64	12.68	7.1888e+006	9.29799e+007	0	0	0	0	
2012-08-14	12.61	13.04	12.17	12.91	8.7599e+006	1.09986e+008	0	0	0	0	
2012-08-15	12.75	13	12.52	12.54	5.0234e+006	6.40358e+007	0	0	0	0	
2012-08-16	12.56	12.93	12.38	12.78	5.19152e+006	6.58308e+007	0	0	0	0	
2012-08-17	12.65	12.78	12.5	12.62	3.83568e+006	4.84646e+007	0	0	0	0	
2012-08-20	12.61	13.1	12.48	12.97	7.21319e+006	9.32726e+007	0	0	0	0	
2012-08-21	12.96	13.18	12.78	13.16	7.2468e+006	9.44432e+007	0	0	0	0	
2012-08-22	13.05	13.25	12.56	12.6	6.97952e+006	8.98463e+007	0	0	0	0	
2012-08-23	12.6	12.78	12.4	12.49	5.92455e+006	7.43999e+007	0	0	0	0	
2012-08-24	12.4	12.79	12.3	12.35	5.00176e+006	6.28606e+007	0	0	0	0	
2012-08-27	12.34	12.46	12.03	12.08	4.11742e+006	5.01677e+007	0	0	0	0	
2012-08-28	12.15	12.32	12.1	12.22	3.44652e+006	4.21137e+007	0	0	0	0	
2012-08-29	12.22	12.8	11.9	12.46	7.24667e+006	8.9641e+007	0	0	0	0	
2012-08-30	12.25	12.63	11.68	12.09	5.458e+006	6.67454e+007	0	0	0	0	
2012-08-31	12.09	12.28	11.75	12.12	4.03499e+006	4.85427e+007	0	0	0	0	
2012-09-03	12	12.31	11.91	12.24	3.42454e+006	4.1767e+007	0	0	0	0	
2012-09-04	12.16	12.58	12.16	12.3	5.75613e+006	7.12015e+007	0	0	0	0	
2012-09-05	12.5	13.25	12.36	12.89	1.11321e+007	1.43388e+008	0	0	0	0	
2012-09-06	12.7	12.95	12.66	12.86	5.71662e+006	7.31812e+007	0	0	0	0	
2012-09-07	12.96	13.45	12.77	13.18	1.07308e+007	1.40629e+008	0	0	0	0	
2012-09-10	13.18	13.18	12.82	13.05	7.53174e+006	9.77149e+007	0	0	0	0	
2012-09-11	12.91	13.65	12.91	13.29	1.11232e+007	1.48074e+008	0	0	0	0	
2012-09-12	13.25	13.84	13.02	13.64	1.48381e+007	1.99338e+008	0	0	0	0	
2012-09-13	13.45	13.53	12.86	12.86	1.07359e+007	1.41516e+008	0	0	0	0	
2012-09-14	12.94	13.01	12.62	12.72	5.08347e+006	6.49232e+007	0	0	0	0	
2012-09-17	12.92	13.1	12.56	12.56	4.77274e+006	6.13629e+007	0	0	0	0	
2012-09-18	12.36	12.6	12.15	12.4	2.97465e+006	3.69657e+007	0	0	0	0	
2012-09-19	12.3	12.71	12.28	12.48	2.99666e+006	3.75943e+007	0	0	0	0	
2012-09-20	12.55	12.55	11.9	11.9	3.6433e+006	4.43643e+007	0	0	0	0	
2012-09-21	11.91	12.05	11.6	11.65	2.94605e+006	3.48492e+007	0	0	0	0	
2012-09-24	11.56	11.78	11.5	11.71	2.17445e+006	2.54055e+007	0	0	0	0	
2012-09-25	11.76	11.76	11.2	11.33	3.2232e+006	3.69226e+007	0	0	0	0	
2012-09-26	11.25	11.35	10.78	10.81	2.53894e+006	2.8026e+007	0	0	0	0	
2012-09-27	10.8	11.16	10.7	11.11	2.67564e+006	2.93919e+007	0	0	0	0	
2012-09-28	11	11.25	10.91	11.24	2.24375e+006	2.50098e+007	0	0	0	0	
2012-10-08	11.29	11.53	11.21	11.35	2.41934e+006	2.74715e+007	0	0	0	0	
2012-10-09	11.28	11.63	11.24	11.57	2.88311e+006	3.31393e+007	0	0	0	0	
2012-10-10	11.49	12.18	11.45	11.92	7.50761e+006	8.89466e+007	0	0	0	0	
2012-10-11	11.75	11.8	11.41	11.43	4.1945e+006	4.873e+007	0	0	0	0	
2012-10-12	11.44	11.6	11.18	11.26	2.0882e+006	2.37375e+007	0	0	0	0	
2012-10-15	11.23	11.44	11	11.07	2.01649e+006	2.24519e+007	0	0	0	0	
2012-10-16	11.14	11.39	11.07	11.18	1.88224e+006	2.1124e+007	0	0	0	0	
2012-10-17	11.22	11.62	11.21	11.51	3.53288e+006	4.04054e+007	0	0	0	0	
2012-10-18	11.64	11.64	11.4	11.59	3.40414e+006	3.92557e+007	0	0	0	0	
2012-10-19	11.58	11.82	11.46	11.62	3.9111e+006	4.55499e+007	0	0	0	0	
2012-10-22	11.45	11.52	11.32	11.44	2.2482e+006	2.5668e+007	0	0	0	0	
2012-10-23	11.43	11.64	11.27	11.3	2.4211e+006	2.77726e+007	0	0	0	0	
2012-10-24	11.27	11.65	11.21	11.45	2.9246e+006	3.34676e+007	0	0	0	0	
2012-10-25	11.35	11.36	11.05	11.06	3.3943e+006	3.79314e+007	0	0	0	0	
2012-10-26	11.06	11.09	10.7	10.9	2.7363e+006	2.97392e+007	0	0	0	0	
2012-10-29	10.83	10.93	10.76	10.83	843100	9.12262e+006	0	0	0	0	
2012-10-30	10.84	11.1	10.81	10.96	1.5238e+006	1.6727e+007	0	0	0	0	
2012-10-31	10.98	11.06	10.74	10.92	1.5917e+006	1.72969e+007	0	0	0	0	
2012-11-01	10.91	11.3	10.87	11.19	3.0906e+006	3.44567e+007	0	0	0	0	
2012-11-02	11.17	11.49	11.14	11.38	4.527e+006	5.12247e+007	0	0	0	0	
2012-11-05	11.3	11.37	11.19	11.27	2.3002e+006	2.58962e+007	0	0	0	0	
2012-11-06	11.21	11.39	10.95	11.1	2.0267e+006	2.25078e+007	0	0	0	0	
2012-11-07	11.1	11.27	11.01	11.1	1.4523e+006	1.6149e+007	0	0	0	0	
2012-11-08	11.15	11.15	10.65	10.77	3.304e+006	3.58446e+007	0	0	0	0	
2012-11-09	10.78	10.8	10.45	10.46	2.5716e+006	2.71957e+007	0	0	0	0	
2012-11-12	10.55	10.77	10.54	10.57	1.9712e+006	2.09687e+007	0	0	0	0	
2012-11-13	10.55	10.86	10.46	10.6	1.9737e+006	2.10546e+007	0	0	0	0	
2012-11-14	10.58	10.68	10.4	10.63	1.3846e+006	1.4593e+007	0	0	0	0	
2012-11-15	10.55	10.59	9.98	10	2.0593e+006	2.1102e+007	0	0	0	0	
2012-11-16	10.02	10.27	9.96	10.03	1.9833e+006	1.99706e+007	0	0	0	0	
2012-11-19	10.03	10.12	9.77	9.91	2.0295e+006	2.00194e+007	0	0	0	0	
2012-11-20	9.95	10.07	9.88	9.89	1.8231e+006	1.81136e+007	0	0	0	0	
2012-11-21	9.81	9.91	9.2	9.6	5.38365e+006	5.11527e+007	0	0	0	0	
2012-11-22	9.46	9.54	9.32	9.33	1.8695e+006	1.75797e+007	0	0	0	0	
2012-11-23	9.39	9.48	9.27	9.27	1.94487e+006	1.81983e+007	0	0	0	0	
2012-11-26	9.26	9.31	8.94	8.96	2.86076e+006	2.59776e+007	0	0	0	0	
2012-11-27	8.96	8.96	8.22	8.32	3.78719e+006	3.17875e+007	0	0	0	0	
2012-11-28	8.23	8.23	8.01	8.06	2.6777e+006	2.16481e+007	0	0	0	0	
2012-11-29	8.07	8.33	8.06	8.09	4.05773e+006	3.32275e+007	0	0	0	0	
2012-11-30	8	8.49	7.95	8.24	4.5193e+006	3.69999e+007	0	0	0	0	
2012-12-03	8.12	8.25	7.88	7.9	2.70725e+006	2.19438e+007	0	0	0	0	
2012-12-04	7.92	8.28	7.6	8.25	4.6294e+006	3.71123e+007	0	0	0	0	
2012-12-05	8.17	8.54	8.1	8.43	5.1718e+006	4.34547e+007	0	0	0	0	
2012-12-06	8.4	8.75	8.32	8.5	5.8882e+006	5.03376e+007	0	0	0	0	
2012-12-07	8.42	8.67	8.38	8.57	7.6014e+006	6.48893e+007	0	0	0	0	
2012-12-10	8.53	8.96	8.42	8.79	9.46411e+006	8.19531e+007	0	0	0	0	
2012-12-11	8.7	9.67	8.61	9.35	1.36049e+007	1.24582e+008	0	0	0	0	
2012-12-12	9.12	9.35	8.98	9.13	7.51954e+006	6.88438e+007	0	0	0	0	
2012-12-13	9.11	9.11	8.6	8.62	7.7753e+006	6.82062e+007	0	0	0	0	
2012-12-14	8.44	9.45	8.4	9.38	1.43056e+007	1.29979e+008	0	0	0	0	
2012-12-17	9.31	9.76	9.2	9.31	1.18644e+007	1.12e+008	0	0	0	0	
2012-12-18	9.39	9.79	9.21	9.24	9.0964e+006	8.63453e+007	0	0	0	0	
2012-12-19	9.15	9.19	8.96	9.03	6.07739e+006	5.51122e+007	0	0	0	0	
2012-12-20	9.06	9.26	8.99	9.13	4.74906e+006	4.32673e+007	0	0	0	0	
2012-12-21	9.2	9.6	9.07	9.41	1.06405e+007	1.00136e+008	0	0	0	0	
2012-12-24	9.22	9.65	9.2	9.38	7.05103e+006	6.64958e+007	0	0	0	0	
2012-12-25	9.4	9.78	9.4	9.61	8.90948e+006	8.56139e+007	0	0	0	0	
2012-12-26	9.61	9.7	9.46	9.66	7.2506e+006	6.94051e+007	0	0	0	0	
2012-12-27	9.7	9.79	9.38	9.4	6.3113e+006	6.01882e+007	0	0	0	0	
2012-12-28	9.39	9.63	9.31	9.53	5.88838e+006	5.5972e+007	0	0	0	0	
2012-12-31	9.53	9.73	9.47	9.6	6.25247e+006	6.00825e+007	0	0	0	0	
2013-01-04	9.72	9.72	9.38	9.41	4.70263e+006	4.46093e+007	0	0	0	0	
2013-01-07	9.38	9.64	9.31	9.62	5.0451e+006	4.7873e+007	0	0	0	0	
2013-01-08	9.55	9.68	9.51	9.65	5.9519e+006	5.7088e+007	0	0	0	0	
2013-01-09	9.65	9.97	9.59	9.87	1.07095e+007	1.04846e+008	0	0	0	0	
2013-01-10	9.98	10.28	9.83	10.09	1.08617e+007	1.09507e+008	0	0	0	0	
2013-01-11	10.13	10.39	9.81	9.92	1.37988e+007	1.38772e+008	0	0	0	0	
2013-01-14	9.71	10.12	9.71	10	1.15034e+007	1.14634e+008	0	0	0	0	
2013-01-15	10.01	10.32	10	10.19	1.09746e+007	1.11297e+008	0	0	0	0	
2013-01-16	10.15	10.35	9.87	10.05	9.13615e+006	9.24225e+007	0	0	0	0	
2013-01-17	10.01	10.02	9.77	9.82	7.57344e+006	7.46667e+007	0	0	0	0	
2013-01-18	9.9	9.95	9.75	9.91	6.10558e+006	6.02848e+007	0	0	0	0	
2013-01-21	9.95	10.16	9.91	10.11	7.8253e+006	7.87708e+007	0	0	0	0	
2013-01-22	10.07	10.09	9.81	9.84	6.15822e+006	6.12196e+007	0	0	0	0	
2013-01-23	9.79	9.87	9.49	9.68	6.39598e+006	6.17225e+007	0	0	0	0	
2013-01-24	9.66	9.89	9.34	9.56	7.51553e+006	7.26072e+007	0	0	0	0	
2013-01-25	9.58	9.65	9.35	9.37	4.33292e+006	4.10133e+007	0	0	0	0	
2013-01-28	9.37	9.53	9.32	9.53	3.46193e+006	3.2668e+007	0	0	0	0	
2013-01-29	9.49	9.81	9.46	9.71	5.08923e+006	4.91614e+007	0	0	0	0	
2013-01-30	9.69	9.75	9.5	9.59	4.36721e+006	4.19104e+007	0	0	0	0	
2013-01-31	9.59	9.75	9.52	9.64	4.60389e+006	4.45369e+007	0	0	0	0	
2013-02-01	9.62	9.74	9.52	9.58	3.74127e+006	3.58598e+007	0	0	0	0	
2013-02-04	9.59	10	9.56	9.94	9.35588e+006	9.19605e+007	0	0	0	0	
2013-02-05	9.85	9.95	9.79	9.95	5.6981e+006	5.62612e+007	0	0	0	0	
2013-02-06	9.98	10.05	9.85	9.87	3.53224e+006	3.49815e+007	0	0	0	0	
2013-02-07	9.97	9.97	9.81	9.86	3.02943e+006	2.98532e+007	0	0	0	0	
2013-02-08	9.88	9.95	9.83	9.92	3.46602e+006	3.43348e+007	0	0	0	0	
2013-02-18	9.92	10.1	9.85	9.98	5.60316e+006	5.58515e+007	0.00604839	0.0253807	0.047619	0.203636	
2013-02-19	9.96	10.01	9.75	9.81	4.04552e+006	3.99289e+007	-0.0170341	0.0266667	-0.104202	0.173939	
2013-02-20	9.81	9.94	9.74	9.92	3.36814e+006	3.31883e+007	0.011213	0.0205339	0.0537815	0.128182	
2013-02-21	9.89	9.89	9.68	9.68	4.31803e+006	4.2297e+007	-0.0241935	0.0216942	-0.20381	0.0136364	
2013-02-22	9.68	9.76	9.56	9.57	2.32379e+006	2.2389e+007	-0.0113636	0.0209205	-0.354007	-0.149593	
2013-02-25	9.59	9.69	9.54	9.59	1.67447e+006	1.60656e+007	0.00208986	0.0157233	-0.405575	-0.189505	
2013-02-26	9.59	9.7	9.51	9.63	3.06618e+006	2.95261e+007	0.00417101	0.019979	-0.326531	-0.194826	
2013-02-27	9.63	9.8	9.63	9.8	3.41608e+006	3.31409e+007	0.0176532	0.0176532	-0.119184	-0.16201	
2013-02-28	9.85	10.18	9.85	10.07	1.02602e+007	1.03171e+008	0.027551	0.0335025	0.306286	-0.046303	
2013-03-01	10.01	10.08	9.92	10.07	5.77266e+006	5.77353e+007	0	0.016129	0.469714	0.0460606	
2013-03-04	10.02	10.02	9.64	9.74	5.55359e+006	5.44636e+007	-0.0327706	0.0394191	0.278571	0.0751515	
2013-03-05	9.7	10.15	9.58	10.12	8.3513e+006	8.34094e+007	0.0390144	0.059499	0.264723	0.139504	
2013-03-06	10.12	10.5	10.03	10.44	1.42592e+007	1.46721e+008	0.0316206	0.0468594	0.246531	0.18154	
2013-03-07	10.44	10.76	10.23	10.53	1.54515e+007	1.62048e+008	0.00862069	0.0518084	0.274141	0.212879	
2013-03-08	10.51	10.65	10.16	10.17	8.7455e+006	9.13115e+007	-0.034188	0.0482283	0.230741	0.187492	
2013-03-11	10.25	10.55	10.1	10.12	6.4423e+006	6.65749e+007	-0.00491642	0.0445545	0.154792	0.14532	
2013-03-12	10.09	10.88	10.02	10.68	1.59504e+007	1.6618e+008	0.055336	0.0858283	0.15102	0.147776	
2013-03-13	10.52	10.78	10.23	10.28	1.01938e+007	1.06558e+008	-0.0374532	0.0537634	-0.0408163	0.107028	
2013-03-14	10.23	10.47	10	10.38	6.2046e+006	6.35992e+007	0.00972763	0.047	0.0142857	0.103804	
2013-03-15	10.27	10.44	10.11	10.13	5.70403e+006	5.8569e+007	-0.0240848	0.0326409	0.0183673	0.0635719	
2013-03-18	10.07	10.17	9.12	9.12	9.80714e+006	9.39424e+007	-0.0997038	0.115132	-0.239927	-0.0857032	
2013-03-19	9.16	9.21	8.62	8.96	6.5208e+006	5.81416e+007	-0.0175439	0.0684455	-0.409635	-0.162156	
2013-03-20	8.83	9.26	8.83	9.24	4.8223e+006	4.37934e+007	0.03125	0.0486976	-0.421328	-0.187667	
2013-03-21	9.22	9.42	9.14	9.33	4.68751e+006	4.35781e+007	0.00974026	0.0306346	-0.325151	-0.18358	
2013-03-22	9.28	9.32	9.15	9.24	2.49648e+006	2.30256e+007	-0.0096463	0.0185792	-0.172894	-0.196195	
2013-03-25	9.25	9.51	9.25	9.34	4.07081e+006	3.82861e+007	0.0108225	0.0281081	0.305263	-0.193235	
2013-03-26	9.34	9.43	9.26	9.37	3.39817e+006	3.17937e+007	0.00321199	0.0183585	0.314983	-0.162271	
2013-03-27	9.43	10.26	9.38	9.98	1.27337e+007	1.26671e+008	0.0651014	0.0938166	0.302703	-0.0588135	
2013-03-28	9.8	10.26	9.5	9.8	1.11176e+007	1.10556e+008	-0.0180361	0.08	0.355212	0.0550117	
2013-03-29	9.75	10.26	9.59	10.08	1.04852e+007	1.04848e+008	0.0285714	0.0698644	0.421088	0.199567	
2013-04-01	9.98	10.25	9.9	10	6.13809e+006	6.18679e+007	-0.00793651	0.0353535	0.405405	0.214719	
2013-04-02	10.09	10.51	9.99	10.35	1.15125e+007	1.19105e+008	0.035	0.0520521	0.305539	0.227901	
2013-04-03	10.28	10.45	9.73	9.76	7.5335e+006	7.51245e+007	-0.0570048	0.0739979	0.0455206	0.184439	
2013-04-08	10	10.74	9.97	10.74	1.20287e+007	1.25454e+008	0.10041	0.0772317	0.238484	0.175192	
2013-04-09	11.25	11.81	11.01	11.81	3.33941e+007	3.82054e+008	0.0996276	0.0726612	0.286551	0.158459	
2013-04-10	11.49	12.5	11.35	11.8	3.32491e+007	3.95264e+008	-0.00084674	0.101322	0.400279	0.192598	
2013-04-11	12.07	12.98	12.07	12.4	3.81457e+007	4.81765e+008	0.0508475	0.0753935	0.377489	0.211478	
2013-04-12	12.09	12.6	11.9	12.16	2.54028e+007	3.10623e+008	-0.0193548	0.0588235	0.367316	0.238017	
2013-04-15	11.95	12.6	11.82	12.25	2.24314e+007	2.75265e+008	0.00740132	0.0659898	0.316695	0.239164	
2013-04-16	11.95	12.19	11.68	12	1.90741e+007	2.26697e+008	-0.0204082	0.0436644	0.19619	0.221625	
2013-04-17	11.99	12.8	11.91	12.41	2.70055e+007	3.3463e+008	0.0341667	0.0747271	0.181733	0.198605	
2013-04-18	12.08	12.41	11.85	12.39	2.06153e+007	2.49274e+008	-0.0016116	0.0472574	0.0627178	0.171161	
2013-04-19	12.34	13.49	12.26	13	3.07473e+007	3.98747e+008	0.0492333	0.100326	0.287429	0.141271	
2013-04-22	12.6	13.45	12.5	13.33	2.32148e+007	2.9987e+008	0.0253846	0.076	0.360043	0.178491	
2013-04-23	13.34	14.36	13.25	13.94	2.99272e+007	4.14564e+008	0.0457614	0.0837736	0.384978	0.174455	
2013-04-24	13.96	15.08	13.54	14.7	2.81311e+007	3.98094e+008	0.0545194	0.113737	0.406432	0.186487	
2013-04-25	14.65	15.18	13.23	13.23	3.33205e+007	4.72239e+008	-0.1	0.147392	0.245145	0.1789	
2013-04-26	12.79	13.08	12.03	12.2	2.72067e+007	3.40125e+008	-0.0778534	0.0872818	-0.0809143	0.110393	
2013-05-02	12.25	12.35	11.93	12.21	1.47188e+007	1.79058e+008	0.000819672	0.0352054	-0.280914	0.0463749	
2013-05-03	12.25	12.55	12.16	12.42	1.92825e+007	2.38149e+008	0.017199	0.0320724	-0.368	-0.0228364	
2013-05-06	12.3	12.88	12.05	12.72	2.28464e+007	2.85485e+008	0.0241546	0.0688797	-0.2816	-0.0648727	
2013-05-07	12.58	12.63	11.62	11.72	2.45196e+007	2.96858e+008	-0.0786164	0.0869191	-0.218732	-0.129713	
2013-05-08	11.72	12.07	11.72	11.94	1.50768e+007	1.79279e+008	0.0187713	0.0298635	-0.141143	-0.164206	
2013-05-09	11.88	12.04	11.5	11.82	1.55488e+007	1.82409e+008	-0.0100503	0.0469565	-0.250857	-0.179703	
2013-05-10	11.7	11.78	11.31	11.59	1.98747e+007	2.29955e+008	-0.0194585	0.0415561	-0.335272	-0.157186	
2013-05-13	11.58	11.76	11.52	11.72	1.17793e+007	1.37488e+008	0.0112166	0.0208333	-0.278635	-0.164449	
2013-05-14	11.78	12.25	11.75	11.91	2.2358e+007	2.68193e+008	0.0162116	0.0425532	0.00979592	-0.135908	
2013-05-15	11.77	11.92	11.46	11.62	1.29402e+007	1.50117e+008	-0.0243493	0.0401396	-0.195918	-0.154358	
2013-05-16	11.64	11.84	11.39	11.77	1.17606e+007	1.36925e+008	0.0129088	0.0395083	0.00535714	-0.144704	
2013-05-17	11.71	12.19	11.68	11.83	1.69269e+007	2.02152e+008	0.00509771	0.0436644	0.189286	-0.0950389	
2013-05-20	11.73	12.07	11.7	11.99	1.35348e+007	1.61073e+008	0.0135249	0.0316239	0.194595	0.0512121	
2013-05-21	11.94	12.4	11.86	12.24	2.29166e+007	2.79081e+008	0.0208507	0.0455312	0.259908	0.0923077	
2013-05-22	12.25	12.77	12.14	12.71	2.62601e+007	3.28006e+008	0.0383987	0.0518946	0.368021	0.149567	
2013-05-23	12.63	12.85	12.33	12.35	1.6258e+007	2.04004e+008	-0.0283242	0.0421736	0.351976	0.179545	
2013-05-24	12.35	12.53	12.11	12.27	1.16197e+007	1.42703e+008	-0.00647773	0.0346821	0.243506	0.167362	
